15.0
73.0
21.0
23.0
23.0
10.0
16.0
14.0
14.0
14.0
16.0
24.0
14.0
17.0
18.0
22.0
27.0
41.0
34.0
17.0
10.0
14.0
27.0
11.0
33.0
21.0
21.0
56.0
18.0
12.0
17.0
43.0
14.0
19.0
71.0
32.0
76.0
25.0
47.0
47.0
21.0
31.0
20.0
21.0
31.0
15.0
31.0
17.0
15.0
23.0
34.0
23.0
34.0
31.0
36.0
43.0
45.0
18.0
25.0
26.0
40.0
67.0
15.0
19.0
17.0
19.0
46.0
30.0
18.0
64.0
18.0
73.0
15.0
51.0
47.0
68.0
68.0
17.0
88.0
83.0
79.0
32.0
91.0
29.0
72.0
52.0
120.0
24.0
32.0
137.0
53.0
33.0
48.0
123.0
93.0
112.0
72.0
147.0
21.0
113.0
21.0
20.0
26.0
28.0
29.0
40.0
21.0
35.0
68.0
26.0
49.0
72.0
69.0
46.0
74.0
230.0
49.0
77.0
70.0
51.0
62.0
66.0
47.0
55.0
145.0
112.0
17.0
123.0
28.0
70.0
26.0
69.0
27.0
63.0
102.0
56.0
71.0
24.0
14.0
120.0
143.0
43.0
182.0
40.0
64.0
168.0
17.0
240.0
165.0
221.0
29.0
173.0
83.0
243.0
422.0
57.0
62.0
88.0
75.0
187.0
208.0
120.0
94.0
94.0
87.0
46.0
89.0
14.0
108.0
117.0
133.0
124.0
155.0
162.0
25.0
148.0
442.0
161.0
186.0
170.0
159.0
80.0
181.0
500.0
110.0
260.0
162.0
45.0
155.0
132.0
114.0
141.0
116.0
170.0
94.0
39.0
222.0
240.0
278.0
278.0
240.0
143.0
205.0
153.0
208.0
299.0
367.0
318.0
201.0
116.0
27.0
111.0
95.0
118.0
145.0
199.0
253.0
207.0
224.0
324.0
272.0
500.0
457.0
500.0
145.0
154.0
185.0
286.0
331.0
472.0
489.0
500.0
135.0
128.0
140.0
16.0
159.0
149.0
142.0
122.0
139.0
130.0
164.0
123.0
118.0
124.0
129.0
146.0
120.0
52.0
118.0
120.0
122.0
168.0
143.0
157.0
140.0
153.0
139.0
155.0
32.0
145.0
151.0
140.0
21.0
144.0
71.0
143.0
121.0
168.0
134.0
143.0
109.0
127.0
54.0
125.0
134.0
104.0
124.0
149.0
118.0
104.0
101.0
109.0
186.0
99.0
172.0
142.0
271.0
151.0
195.0
162.0
170.0
198.0
191.0
192.0
122.0
441.0
308.0
346.0
335.0
145.0
200.0
208.0
150.0
81.0
187.0
469.0
368.0
493.0
177.0
135.0
140.0
140.0
155.0
172.0
201.0
151.0
211.0
227.0
194.0
210.0
171.0
230.0
232.0
412.0
392.0
132.0
266.0
500.0
500.0
500.0
454.0
308.0
360.0
500.0
500.0
500.0
500.0
134.0
194.0
203.0
477.0
500.0
500.0
500.0
500.0
500.0
289.0
330.0
499.0
418.0
465.0
500.0
500.0
500.0
201.0
139.0
281.0
332.0
269.0
239.0
229.0
393.0
500.0
500.0
445.0
500.0
500.0
500.0
500.0
338.0
500.0
483.0
410.0
227.0
296.0
500.0
357.0
237.0
500.0
500.0
442.0
500.0
500.0
500.0
500.0
497.0
465.0
500.0
500.0
500.0
417.0
278.0
500.0
500.0
500.0
500.0
500.0
500.0
215.0
439.0
248.0
500.0
500.0
500.0
427.0
361.0
500.0
500.0
332.0
500.0
500.0
356.0
343.0
500.0
500.0
227.0
289.0
422.0
470.0
310.0
469.0
500.0
500.0
500.0
355.0
500.0
383.0
500.0
327.0
500.0
469.0
473.0
470.0
500.0
500.0
316.0
500.0
397.0
500.0
500.0
317.0
500.0
500.0
474.0
500.0
500.0
500.0
500.0
500.0
500.0
500.0
500.0
500.0
478.0
500.0
500.0
500.0
500.0
500.0
500.0
500.0
282.0
500.0
500.0
500.0
500.0
500.0
500.0
500.0
500.0
500.0
500.0
500.0
324.0
387.0
500.0
500.0
500.0
500.0
500.0
500.0
500.0
500.0
500.0
500.0
500.0
368.0
491.0
500.0
500.0
500.0
500.0
500.0
457.0
500.0
500.0
500.0
500.0
