9.0
23.0
77.0
23.0
15.0
26.0
10.0
9.0
9.0
10.0
10.0
64.0
28.0
17.0
8.0
8.0
16.0
15.0
21.0
18.0
22.0
31.0
57.0
37.0
12.0
27.0
23.0
28.0
89.0
47.0
65.0
49.0
56.0
54.0
51.0
34.0
35.0
45.0
34.0
73.0
68.0
74.0
35.0
30.0
42.0
55.0
48.0
31.0
83.0
34.0
89.0
76.0
44.0
79.0
55.0
50.0
41.0
44.0
39.0
52.0
50.0
79.0
48.0
88.0
203.0
59.0
59.0
55.0
153.0
500.0
66.0
77.0
69.0
117.0
312.0
95.0
494.0
123.0
294.0
65.0
198.0
291.0
185.0
180.0
500.0
88.0
230.0
216.0
166.0
347.0
60.0
62.0
385.0
183.0
262.0
64.0
306.0
79.0
61.0
65.0
295.0
85.0
439.0
80.0
118.0
336.0
129.0
389.0
421.0
89.0
85.0
97.0
69.0
400.0
63.0
72.0
82.0
50.0
86.0
99.0
122.0
57.0
70.0
51.0
447.0
86.0
91.0
66.0
56.0
93.0
500.0
81.0
274.0
500.0
173.0
347.0
135.0
79.0
115.0
61.0
61.0
500.0
56.0
89.0
51.0
500.0
50.0
500.0
56.0
71.0
57.0
73.0
406.0
63.0
63.0
57.0
51.0
133.0
93.0
75.0
500.0
98.0
54.0
92.0
61.0
62.0
500.0
64.0
106.0
500.0
66.0
500.0
54.0
64.0
70.0
61.0
55.0
104.0
62.0
500.0
500.0
70.0
83.0
67.0
41.0
87.0
76.0
61.0
63.0
49.0
51.0
76.0
72.0
500.0
267.0
304.0
76.0
500.0
500.0
56.0
500.0
111.0
500.0
137.0
500.0
61.0
500.0
64.0
69.0
60.0
99.0
72.0
500.0
59.0
500.0
500.0
75.0
500.0
70.0
80.0
80.0
59.0
66.0
83.0
73.0
67.0
85.0
73.0
67.0
85.0
78.0
109.0
72.0
90.0
112.0
95.0
204.0
500.0
97.0
54.0
101.0
69.0
156.0
126.0
167.0
150.0
151.0
500.0
139.0
500.0
171.0
447.0
211.0
151.0
500.0
215.0
260.0
331.0
225.0
73.0
112.0
110.0
147.0
230.0
99.0
99.0
92.0
500.0
111.0
500.0
122.0
104.0
58.0
68.0
336.0
155.0
500.0
186.0
500.0
500.0
500.0
66.0
161.0
172.0
124.0
500.0
500.0
500.0
500.0
500.0
88.0
500.0
417.0
198.0
93.0
153.0
319.0
129.0
155.0
489.0
