13.0
11.0
46.0
31.0
17.0
11.0
22.0
35.0
21.0
16.0
18.0
26.0
16.0
23.0
22.0
23.0
17.0
25.0
12.0
49.0
31.0
43.0
23.0
13.0
26.0
10.0
19.0
9.0
22.0
34.0
22.0
32.0
17.0
50.0
61.0
10.0
12.0
12.0
17.0
19.0
16.0
23.0
25.0
14.0
77.0
103.0
75.0
82.0
137.0
188.0
500.0
155.0
145.0
10.0
10.0
12.0
104.0
500.0
500.0
500.0
446.0
62.0
12.0
11.0
14.0
37.0
19.0
187.0
209.0
285.0
243.0
274.0
22.0
13.0
12.0
126.0
123.0
125.0
22.0
14.0
111.0
148.0
157.0
131.0
123.0
171.0
321.0
55.0
29.0
188.0
113.0
96.0
101.0
14.0
12.0
15.0
115.0
36.0
54.0
66.0
