9.0
74.0
9.0
13.0
9.0
13.0
10.0
10.0
10.0
22.0
9.0
9.0
9.0
15.0
11.0
20.0
47.0
37.0
61.0
35.0
63.0
27.0
31.0
67.0
61.0
51.0
39.0
40.0
213.0
161.0
43.0
192.0
36.0
63.0
69.0
199.0
37.0
51.0
60.0
335.0
51.0
97.0
39.0
162.0
70.0
105.0
71.0
43.0
36.0
29.0
54.0
40.0
38.0
33.0
45.0
48.0
114.0
46.0
38.0
51.0
72.0
39.0
68.0
97.0
67.0
51.0
54.0
47.0
35.0
38.0
54.0
105.0
49.0
80.0
46.0
49.0
500.0
41.0
40.0
133.0
87.0
37.0
68.0
71.0
63.0
61.0
31.0
46.0
51.0
39.0
39.0
379.0
75.0
43.0
89.0
51.0
89.0
49.0
293.0
88.0
53.0
240.0
89.0
82.0
47.0
50.0
207.0
130.0
355.0
170.0
50.0
57.0
233.0
92.0
500.0
500.0
229.0
221.0
106.0
79.0
59.0
357.0
395.0
203.0
61.0
76.0
94.0
72.0
50.0
189.0
305.0
144.0
60.0
500.0
86.0
154.0
45.0
54.0
57.0
76.0
239.0
279.0
63.0
258.0
178.0
69.0
69.0
296.0
92.0
55.0
73.0
390.0
217.0
305.0
51.0
113.0
207.0
500.0
165.0
77.0
213.0
344.0
295.0
58.0
39.0
32.0
43.0
50.0
62.0
37.0
57.0
59.0
49.0
500.0
102.0
500.0
78.0
75.0
499.0
76.0
69.0
307.0
68.0
96.0
500.0
422.0
480.0
432.0
476.0
339.0
62.0
500.0
75.0
61.0
85.0
500.0
60.0
415.0
76.0
70.0
99.0
131.0
500.0
105.0
111.0
98.0
500.0
81.0
424.0
500.0
443.0
