9.0
10.0
10.0
10.0
11.0
77.0
32.0
9.0
9.0
9.0
23.0
32.0
218.0
38.0
32.0
25.0
14.0
18.0
16.0
14.0
12.0
11.0
8.0
9.0
11.0
10.0
9.0
11.0
12.0
16.0
29.0
31.0
15.0
15.0
16.0
10.0
10.0
9.0
10.0
9.0
16.0
26.0
17.0
10.0
10.0
9.0
9.0
10.0
9.0
9.0
15.0
33.0
50.0
38.0
24.0
18.0
10.0
10.0
9.0
16.0
106.0
20.0
11.0
9.0
9.0
16.0
13.0
17.0
39.0
44.0
14.0
10.0
9.0
10.0
12.0
16.0
36.0
44.0
22.0
11.0
28.0
35.0
59.0
85.0
35.0
85.0
256.0
77.0
115.0
53.0
144.0
73.0
74.0
147.0
70.0
71.0
96.0
38.0
44.0
181.0
55.0
41.0
109.0
78.0
82.0
51.0
41.0
30.0
43.0
57.0
59.0
50.0
46.0
168.0
57.0
105.0
31.0
74.0
80.0
58.0
50.0
80.0
89.0
186.0
45.0
57.0
58.0
56.0
46.0
236.0
51.0
59.0
62.0
207.0
206.0
86.0
71.0
66.0
234.0
52.0
49.0
63.0
55.0
57.0
43.0
68.0
92.0
55.0
147.0
73.0
81.0
109.0
156.0
80.0
53.0
50.0
177.0
55.0
84.0
61.0
49.0
120.0
92.0
109.0
45.0
46.0
62.0
62.0
55.0
63.0
203.0
72.0
115.0
198.0
54.0
72.0
81.0
57.0
60.0
63.0
167.0
63.0
67.0
60.0
54.0
44.0
112.0
34.0
47.0
61.0
86.0
104.0
41.0
52.0
62.0
312.0
82.0
101.0
62.0
81.0
74.0
88.0
61.0
52.0
35.0
32.0
34.0
29.0
50.0
44.0
76.0
46.0
79.0
82.0
86.0
225.0
69.0
80.0
80.0
86.0
113.0
90.0
107.0
65.0
72.0
47.0
40.0
45.0
73.0
53.0
41.0
55.0
45.0
51.0
38.0
51.0
38.0
32.0
47.0
54.0
92.0
112.0
176.0
84.0
69.0
59.0
64.0
61.0
85.0
52.0
54.0
95.0
282.0
68.0
164.0
352.0
77.0
136.0
89.0
71.0
101.0
192.0
60.0
315.0
125.0
102.0
306.0
352.0
192.0
52.0
83.0
93.0
145.0
185.0
370.0
131.0
141.0
166.0
219.0
176.0
67.0
124.0
222.0
334.0
158.0
68.0
218.0
48.0
43.0
112.0
40.0
85.0
86.0
36.0
42.0
32.0
64.0
29.0
30.0
36.0
76.0
270.0
347.0
57.0
441.0
95.0
43.0
42.0
244.0
234.0
364.0
95.0
92.0
86.0
76.0
75.0
140.0
159.0
157.0
164.0
143.0
224.0
269.0
145.0
143.0
145.0
256.0
385.0
162.0
331.0
500.0
124.0
59.0
111.0
50.0
132.0
249.0
500.0
152.0
293.0
116.0
98.0
103.0
120.0
101.0
132.0
95.0
92.0
104.0
40.0
66.0
124.0
97.0
19.0
50.0
26.0
22.0
20.0
99.0
203.0
500.0
88.0
204.0
242.0
113.0
121.0
206.0
112.0
132.0
144.0
262.0
124.0
129.0
125.0
144.0
420.0
110.0
120.0
122.0
115.0
211.0
172.0
109.0
36.0
23.0
27.0
33.0
111.0
290.0
113.0
246.0
320.0
373.0
112.0
110.0
500.0
269.0
126.0
119.0
115.0
126.0
237.0
191.0
169.0
174.0
197.0
134.0
118.0
320.0
178.0
168.0
156.0
147.0
200.0
124.0
111.0
104.0
283.0
145.0
140.0
330.0
27.0
22.0
25.0
24.0
26.0
29.0
106.0
119.0
99.0
500.0
163.0
196.0
185.0
183.0
146.0
315.0
93.0
103.0
127.0
123.0
146.0
193.0
136.0
131.0
224.0
227.0
195.0
184.0
186.0
110.0
143.0
26.0
22.0
27.0
29.0
111.0
97.0
207.0
207.0
189.0
181.0
206.0
221.0
118.0
73.0
76.0
82.0
73.0
73.0
149.0
242.0
236.0
195.0
208.0
204.0
84.0
79.0
82.0
101.0
85.0
103.0
115.0
137.0
174.0
108.0
110.0
112.0
145.0
83.0
198.0
186.0
228.0
191.0
194.0
235.0
200.0
194.0
221.0
203.0
206.0
200.0
199.0
190.0
238.0
71.0
76.0
67.0
256.0
235.0
263.0
73.0
66.0
25.0
72.0
74.0
36.0
66.0
335.0
77.0
26.0
16.0
17.0
13.0
19.0
14.0
13.0
9.0
9.0
10.0
9.0
9.0
9.0
10.0
23.0
311.0
46.0
22.0
23.0
20.0
17.0
17.0
22.0
49.0
70.0
246.0
55.0
40.0
30.0
37.0
37.0
52.0
109.0
91.0
500.0
245.0
500.0
89.0
76.0
151.0
95.0
51.0
48.0
28.0
27.0
136.0
214.0
166.0
168.0
161.0
275.0
167.0
172.0
378.0
228.0
180.0
180.0
216.0
179.0
242.0
16.0
22.0
21.0
21.0
193.0
20.0
31.0
153.0
179.0
149.0
125.0
152.0
203.0
174.0
63.0
146.0
123.0
115.0
148.0
51.0
23.0
51.0
53.0
210.0
19.0
18.0
15.0
18.0
19.0
15.0
17.0
14.0
16.0
13.0
17.0
118.0
204.0
96.0
20.0
16.0
16.0
15.0
87.0
210.0
225.0
181.0
161.0
174.0
153.0
138.0
127.0
124.0
129.0
138.0
137.0
156.0
40.0
112.0
144.0
131.0
153.0
139.0
113.0
119.0
109.0
110.0
19.0
15.0
19.0
22.0
114.0
98.0
18.0
20.0
104.0
21.0
22.0
21.0
71.0
111.0
151.0
148.0
152.0
140.0
144.0
153.0
155.0
147.0
12.0
12.0
12.0
12.0
15.0
15.0
13.0
13.0
10.0
14.0
17.0
21.0
32.0
81.0
9.0
10.0
10.0
10.0
18.0
73.0
141.0
110.0
143.0
145.0
123.0
173.0
154.0
152.0
134.0
118.0
133.0
110.0
128.0
120.0
143.0
152.0
94.0
101.0
96.0
154.0
98.0
147.0
92.0
57.0
100.0
43.0
39.0
134.0
86.0
96.0
100.0
143.0
19.0
102.0
15.0
19.0
18.0
79.0
138.0
114.0
159.0
14.0
121.0
131.0
122.0
137.0
137.0
126.0
130.0
130.0
129.0
122.0
120.0
12.0
33.0
33.0
17.0
125.0
128.0
112.0
104.0
100.0
17.0
107.0
139.0
131.0
15.0
15.0
130.0
13.0
17.0
17.0
14.0
13.0
14.0
16.0
14.0
17.0
17.0
132.0
12.0
13.0
10.0
11.0
16.0
20.0
96.0
44.0
14.0
10.0
13.0
28.0
166.0
86.0
85.0
88.0
100.0
191.0
88.0
85.0
91.0
89.0
95.0
183.0
76.0
155.0
23.0
19.0
94.0
145.0
130.0
52.0
62.0
102.0
111.0
115.0
106.0
95.0
96.0
39.0
88.0
95.0
105.0
131.0
98.0
91.0
14.0
12.0
12.0
12.0
17.0
15.0
17.0
17.0
104.0
93.0
14.0
17.0
16.0
19.0
103.0
112.0
122.0
121.0
110.0
124.0
111.0
96.0
77.0
35.0
18.0
15.0
52.0
76.0
94.0
84.0
66.0
68.0
48.0
15.0
14.0
47.0
76.0
125.0
127.0
141.0
122.0
96.0
107.0
111.0
121.0
115.0
16.0
22.0
103.0
118.0
88.0
113.0
96.0
119.0
83.0
124.0
73.0
101.0
126.0
11.0
99.0
18.0
16.0
14.0
13.0
13.0
14.0
77.0
107.0
16.0
13.0
10.0
11.0
41.0
78.0
72.0
16.0
13.0
13.0
12.0
74.0
93.0
43.0
41.0
88.0
105.0
113.0
96.0
54.0
66.0
95.0
100.0
103.0
90.0
97.0
99.0
89.0
69.0
86.0
107.0
103.0
84.0
93.0
12.0
10.0
81.0
105.0
92.0
103.0
88.0
74.0
87.0
95.0
95.0
93.0
95.0
97.0
87.0
87.0
89.0
87.0
81.0
81.0
77.0
89.0
79.0
79.0
85.0
80.0
14.0
75.0
78.0
15.0
64.0
66.0
16.0
65.0
59.0
72.0
58.0
59.0
60.0
56.0
60.0
64.0
47.0
50.0
44.0
45.0
33.0
36.0
21.0
28.0
25.0
21.0
23.0
40.0
63.0
163.0
129.0
247.0
133.0
141.0
101.0
139.0
156.0
127.0
147.0
112.0
111.0
109.0
121.0
105.0
109.0
111.0
100.0
93.0
108.0
88.0
81.0
85.0
79.0
75.0
84.0
78.0
85.0
