10.0
16.0
9.0
38.0
11.0
9.0
9.0
9.0
10.0
61.0
35.0
15.0
9.0
25.0
49.0
22.0
10.0
10.0
9.0
50.0
25.0
12.0
34.0
17.0
9.0
21.0
72.0
36.0
23.0
13.0
66.0
23.0
42.0
19.0
8.0
32.0
20.0
97.0
28.0
11.0
10.0
10.0
34.0
10.0
11.0
8.0
25.0
9.0
18.0
10.0
16.0
10.0
42.0
9.0
39.0
17.0
16.0
20.0
18.0
25.0
10.0
20.0
33.0
10.0
14.0
15.0
14.0
20.0
10.0
8.0
26.0
25.0
13.0
25.0
48.0
30.0
8.0
39.0
8.0
15.0
31.0
56.0
43.0
16.0
53.0
17.0
28.0
47.0
17.0
32.0
24.0
23.0
27.0
47.0
100.0
103.0
37.0
19.0
26.0
14.0
74.0
22.0
53.0
22.0
28.0
20.0
47.0
116.0
63.0
90.0
23.0
16.0
22.0
57.0
12.0
454.0
27.0
34.0
55.0
24.0
42.0
27.0
26.0
65.0
31.0
25.0
28.0
27.0
19.0
68.0
81.0
34.0
36.0
24.0
76.0
102.0
50.0
26.0
25.0
70.0
31.0
30.0
18.0
17.0
55.0
44.0
38.0
21.0
25.0
44.0
145.0
37.0
41.0
34.0
29.0
33.0
187.0
43.0
20.0
51.0
30.0
23.0
57.0
36.0
59.0
30.0
32.0
39.0
77.0
69.0
45.0
60.0
43.0
34.0
144.0
313.0
63.0
55.0
82.0
31.0
36.0
45.0
75.0
128.0
35.0
34.0
374.0
90.0
75.0
62.0
80.0
36.0
66.0
37.0
96.0
41.0
51.0
48.0
57.0
86.0
42.0
133.0
45.0
66.0
37.0
57.0
72.0
67.0
48.0
33.0
34.0
62.0
38.0
43.0
271.0
51.0
79.0
58.0
27.0
61.0
53.0
78.0
82.0
45.0
46.0
52.0
90.0
69.0
43.0
104.0
97.0
61.0
500.0
52.0
57.0
92.0
114.0
81.0
31.0
51.0
64.0
123.0
82.0
257.0
94.0
60.0
193.0
45.0
83.0
86.0
75.0
162.0
51.0
45.0
50.0
108.0
132.0
107.0
68.0
187.0
228.0
101.0
291.0
416.0
154.0
301.0
109.0
86.0
76.0
130.0
55.0
65.0
59.0
53.0
60.0
116.0
81.0
84.0
79.0
80.0
119.0
92.0
69.0
61.0
50.0
58.0
71.0
77.0
85.0
63.0
50.0
49.0
53.0
33.0
41.0
94.0
80.0
434.0
112.0
125.0
105.0
77.0
48.0
96.0
191.0
79.0
358.0
96.0
81.0
256.0
74.0
56.0
437.0
397.0
302.0
75.0
109.0
63.0
52.0
51.0
123.0
77.0
61.0
54.0
52.0
57.0
51.0
38.0
31.0
26.0
79.0
33.0
190.0
77.0
27.0
219.0
80.0
158.0
33.0
31.0
30.0
112.0
54.0
33.0
46.0
55.0
254.0
45.0
46.0
76.0
207.0
41.0
43.0
48.0
48.0
59.0
40.0
54.0
43.0
33.0
32.0
26.0
92.0
76.0
140.0
59.0
233.0
63.0
77.0
54.0
103.0
92.0
80.0
346.0
132.0
85.0
92.0
81.0
148.0
68.0
83.0
82.0
63.0
190.0
56.0
63.0
78.0
49.0
75.0
87.0
59.0
71.0
67.0
62.0
75.0
71.0
109.0
42.0
56.0
80.0
199.0
83.0
75.0
76.0
425.0
82.0
500.0
43.0
240.0
41.0
72.0
98.0
77.0
95.0
279.0
428.0
500.0
81.0
191.0
312.0
500.0
109.0
57.0
45.0
55.0
93.0
65.0
80.0
350.0
500.0
342.0
135.0
72.0
399.0
82.0
230.0
174.0
264.0
290.0
108.0
443.0
267.0
310.0
127.0
230.0
289.0
174.0
201.0
236.0
232.0
130.0
237.0
290.0
218.0
177.0
240.0
171.0
177.0
238.0
429.0
325.0
190.0
270.0
259.0
335.0
264.0
300.0
330.0
328.0
294.0
302.0
500.0
329.0
319.0
372.0
332.0
297.0
292.0
