10.0
50.0
14.0
9.0
9.0
16.0
24.0
61.0
52.0
99.0
55.0
29.0
59.0
126.0
43.0
23.0
12.0
20.0
70.0
31.0
56.0
500.0
178.0
73.0
500.0
175.0
78.0
43.0
17.0
9.0
20.0
40.0
19.0
8.0
15.0
9.0
21.0
10.0
16.0
10.0
27.0
436.0
48.0
72.0
32.0
23.0
29.0
23.0
40.0
17.0
47.0
38.0
16.0
9.0
48.0
27.0
67.0
47.0
43.0
66.0
147.0
273.0
299.0
90.0
42.0
44.0
19.0
39.0
28.0
327.0
89.0
76.0
37.0
25.0
38.0
93.0
78.0
46.0
286.0
50.0
30.0
11.0
10.0
34.0
40.0
53.0
47.0
20.0
8.0
52.0
74.0
42.0
42.0
65.0
36.0
30.0
57.0
30.0
22.0
23.0
45.0
28.0
23.0
30.0
35.0
43.0
50.0
48.0
68.0
40.0
37.0
71.0
55.0
49.0
65.0
71.0
57.0
75.0
37.0
38.0
43.0
30.0
60.0
44.0
18.0
15.0
81.0
80.0
259.0
54.0
76.0
152.0
79.0
58.0
114.0
63.0
49.0
60.0
60.0
69.0
68.0
72.0
61.0
33.0
33.0
26.0
73.0
27.0
26.0
59.0
331.0
368.0
120.0
72.0
294.0
64.0
82.0
107.0
117.0
94.0
376.0
175.0
156.0
379.0
382.0
94.0
75.0
80.0
95.0
112.0
500.0
178.0
337.0
155.0
206.0
178.0
254.0
193.0
151.0
224.0
221.0
152.0
500.0
245.0
208.0
176.0
213.0
286.0
254.0
243.0
209.0
500.0
330.0
251.0
175.0
500.0
307.0
500.0
337.0
101.0
402.0
270.0
261.0
102.0
11.0
10.0
214.0
67.0
62.0
28.0
207.0
311.0
165.0
241.0
141.0
131.0
128.0
97.0
121.0
97.0
114.0
95.0
100.0
111.0
95.0
86.0
88.0
84.0
71.0
58.0
44.0
28.0
25.0
98.0
24.0
24.0
26.0
27.0
40.0
101.0
135.0
89.0
129.0
108.0
122.0
116.0
124.0
133.0
119.0
113.0
132.0
119.0
141.0
104.0
130.0
113.0
122.0
139.0
108.0
127.0
127.0
145.0
119.0
120.0
96.0
125.0
108.0
120.0
122.0
103.0
234.0
93.0
122.0
142.0
107.0
138.0
121.0
132.0
146.0
132.0
142.0
133.0
113.0
106.0
153.0
103.0
160.0
106.0
14.0
121.0
107.0
18.0
26.0
115.0
204.0
141.0
155.0
152.0
168.0
22.0
119.0
270.0
152.0
243.0
195.0
329.0
182.0
500.0
188.0
500.0
181.0
500.0
229.0
500.0
197.0
197.0
177.0
201.0
196.0
500.0
277.0
500.0
197.0
305.0
221.0
263.0
240.0
174.0
140.0
156.0
93.0
106.0
128.0
80.0
26.0
136.0
223.0
13.0
138.0
202.0
157.0
121.0
127.0
123.0
220.0
122.0
198.0
172.0
183.0
129.0
234.0
185.0
136.0
116.0
230.0
128.0
128.0
112.0
104.0
107.0
104.0
125.0
105.0
110.0
100.0
109.0
116.0
108.0
113.0
113.0
104.0
21.0
55.0
83.0
126.0
131.0
87.0
112.0
48.0
49.0
61.0
97.0
133.0
154.0
110.0
92.0
159.0
144.0
142.0
149.0
142.0
144.0
145.0
140.0
138.0
146.0
163.0
165.0
141.0
179.0
180.0
276.0
135.0
192.0
247.0
249.0
218.0
150.0
16.0
150.0
190.0
324.0
304.0
225.0
300.0
119.0
59.0
28.0
93.0
95.0
71.0
85.0
154.0
159.0
148.0
156.0
118.0
125.0
169.0
144.0
155.0
129.0
196.0
131.0
144.0
118.0
160.0
136.0
114.0
116.0
124.0
117.0
116.0
123.0
115.0
121.0
114.0
144.0
17.0
107.0
130.0
156.0
127.0
128.0
141.0
146.0
145.0
150.0
124.0
165.0
130.0
166.0
143.0
168.0
144.0
128.0
158.0
142.0
162.0
169.0
213.0
149.0
260.0
131.0
218.0
184.0
259.0
190.0
204.0
142.0
65.0
96.0
52.0
53.0
57.0
16.0
136.0
24.0
121.0
96.0
108.0
99.0
85.0
113.0
102.0
103.0
118.0
126.0
106.0
84.0
111.0
107.0
85.0
87.0
111.0
132.0
116.0
105.0
122.0
119.0
111.0
114.0
118.0
105.0
102.0
124.0
107.0
121.0
106.0
144.0
116.0
123.0
137.0
118.0
127.0
128.0
122.0
136.0
116.0
133.0
111.0
166.0
131.0
128.0
125.0
128.0
133.0
127.0
119.0
113.0
149.0
114.0
126.0
122.0
133.0
137.0
123.0
156.0
121.0
160.0
118.0
154.0
132.0
145.0
142.0
128.0
165.0
135.0
209.0
128.0
164.0
142.0
154.0
165.0
17.0
16.0
178.0
215.0
235.0
171.0
273.0
171.0
237.0
201.0
173.0
182.0
226.0
215.0
200.0
259.0
192.0
251.0
187.0
189.0
243.0
216.0
195.0
224.0
232.0
210.0
241.0
233.0
227.0
241.0
257.0
250.0
325.0
240.0
409.0
222.0
484.0
276.0
500.0
405.0
218.0
8.0
9.0
82.0
100.0
133.0
493.0
316.0
204.0
175.0
125.0
138.0
187.0
200.0
205.0
197.0
201.0
197.0
177.0
172.0
218.0
184.0
219.0
205.0
205.0
192.0
235.0
196.0
202.0
221.0
200.0
207.0
170.0
185.0
141.0
215.0
227.0
158.0
218.0
185.0
206.0
158.0
162.0
118.0
170.0
140.0
218.0
154.0
